================================================================================
CONFIGURATION PERFORMANCE COMPARISON
================================================================================

--- FSAMPLER CONFIGURATIONS ---
Each skip mode × adaptive mode combination:

                                                                  ssim  reduction_percent  model_calls  total_time_seconds  time_saved_percent
skip_mode adaptive_mode  anchor_interval max_consecutive_skips                                                                                
adaptive  grad_est       3.0             2.0                    0.7279               50.0         10.0             81.8061             48.9533
          learn+grad_est 3.0             2.0                    0.7279               50.0         10.0             78.0991             51.2665
          learning       3.0             2.0                    0.7279               50.0         10.0             77.4249             51.6872
                         4.0             2.0                    0.7341               45.0         11.0             86.5800             45.9744
h2/s2     grad_est       3.0             2.0                    0.9282               25.0         15.0            117.8479             26.4634
          learn+grad_est 3.0             2.0                    0.9282               25.0         15.0            123.0512             23.2165
          learning       4.0             2.0                    0.9282               25.0         15.0            119.5049             25.4294
h2/s3     grad_est       3.0             2.0                    0.9533               20.0         16.0            127.9758             20.1436
          learn+grad_est 3.0             2.0                    0.9533               20.0         16.0            126.0248             21.3610
          learning       4.0             2.0                    0.9533               20.0         16.0            125.6168             21.6156
h2/s4     grad_est       3.0             2.0                    0.9818               15.0         17.0            135.1462             15.6693
          learn+grad_est 3.0             2.0                    0.9818               15.0         17.0            134.4398             16.1101
          learning       4.0             2.0                    0.9818               15.0         17.0            134.7864             15.8938
h2/s5     grad_est       3.0             2.0                    0.9782               10.0         18.0            144.0706             10.1005
          learn+grad_est 3.0             2.0                    0.9782               10.0         18.0            145.3496              9.3024
          learning       4.0             2.0                    0.9782               10.0         18.0            144.1199             10.0698
h3/s3     grad_est       3.0             2.0                    0.9649               20.0         16.0            132.2025             17.5062
          learn+grad_est 3.0             2.0                    0.9649               20.0         16.0            129.8191             18.9934
          learning       4.0             2.0                    0.9649               20.0         16.0            127.2152             20.6182
h3/s4     grad_est       3.0             2.0                    0.9645               15.0         17.0            138.1894             13.7703
          learn+grad_est 3.0             2.0                    0.9645               15.0         17.0            139.8102             12.7590
          learning       4.0             2.0                    0.9645               15.0         17.0            135.5275             15.4313
h3/s5     grad_est       3.0             2.0                    0.9756               10.0         18.0            148.6958              7.2144
          learn+grad_est 3.0             2.0                    0.9756               10.0         18.0            146.9049              8.3319
          learning       4.0             2.0                    0.9756               10.0         18.0            143.6787             10.3450
h4/s4     grad_est       3.0             2.0                    0.9601               15.0         17.0            143.4588             10.4823
          learn+grad_est 3.0             2.0                    0.9601               15.0         17.0            143.0197             10.7562
          learning       4.0             2.0                    0.9601               15.0         17.0            134.2366             16.2369
h4/s5     grad_est       3.0             2.0                    0.9460               10.0         18.0            151.8300              5.2587
          learn+grad_est 3.0             2.0                    0.9460               10.0         18.0            148.9903              7.0306
          learning       4.0             2.0                    0.9460               10.0         18.0            142.7970             10.8952

================================================================================