================================================================================
CONFIGURATION PERFORMANCE COMPARISON
================================================================================

--- FSAMPLER CONFIGURATIONS ---
Each skip mode × adaptive mode combination:

                                                                  ssim  reduction_percent  model_calls  total_time_seconds  time_saved_percent
skip_mode adaptive_mode  anchor_interval max_consecutive_skips                                                                                
adaptive  grad_est       4.0             2.0                    0.7185               22.0         14.0             86.3358             40.6182
          learn+grad_est 4.0             2.0                    0.7164               22.0         14.0             86.9112             40.2225
          learning       4.0             2.0                    0.8317               22.0         14.0             87.8411             39.5829
h2/s2     grad_est       4.0             2.0                    0.9161               14.0         18.0            113.2465             22.1090
          learn+grad_est 4.0             2.0                    0.9159               14.0         18.0            112.8889             22.3549
          learning       4.0             2.0                    0.9550               14.0         18.0            105.9800             27.1069
h2/s3     grad_est       4.0             2.0                    0.9146               10.0         20.0            126.0276             13.3182
          learn+grad_est 4.0             2.0                    0.9154               10.0         20.0            124.7292             14.2112
          learning       4.0             2.0                    0.9733               10.0         20.0            116.3949             19.9435
h2/s4     grad_est       4.0             2.0                    0.9599                8.0         21.0            131.7034              9.4143
          learn+grad_est 4.0             2.0                    0.9598                8.0         21.0            131.4979              9.5557
          learning       4.0             2.0                    0.9696                8.0         21.0            125.3823             13.7620
h2/s5     grad_est       4.0             2.0                    0.9822                6.0         22.0            138.5974              4.6727
          learn+grad_est 4.0             2.0                    0.9822                6.0         22.0            139.7305              3.8933
          learning       4.0             2.0                    0.9952                6.0         22.0            133.5946              8.1136
h3/s3     grad_est       4.0             2.0                    0.9410               10.0         20.0            124.7998             14.1626
          learn+grad_est 4.0             2.0                    0.9415               10.0         20.0            126.0125             13.3285
          learning       4.0             2.0                    0.9645               10.0         20.0            123.1772             15.2787
h3/s4     grad_est       4.0             2.0                    0.9634                8.0         21.0            131.6283              9.4660
          learn+grad_est 4.0             2.0                    0.9631                8.0         21.0            131.3783              9.6380
          learning       4.0             2.0                    0.9780                8.0         21.0            128.4854             11.6277
h3/s5     grad_est       4.0             2.0                    0.9566                6.0         22.0            136.7635              5.9340
          learn+grad_est 4.0             2.0                    0.9565                6.0         22.0            135.1065              7.0737
          learning       4.0             2.0                    0.9732                6.0         22.0            134.7786              7.2992
h4/s4     grad_est       4.0             2.0                    0.8934                8.0         21.0            131.9232              9.2632
          learn+grad_est 4.0             2.0                    0.8934                8.0         21.0            128.6026             11.5471
          learning       4.0             2.0                    0.9512                8.0         21.0            131.2444              9.7300
h4/s5     grad_est       4.0             2.0                    0.9550                6.0         22.0            136.7137              5.9682
          learn+grad_est 4.0             2.0                    0.9550                6.0         22.0            136.1079              6.3850
          learning       4.0             2.0                    0.9784                6.0         22.0            138.0739              5.0327

================================================================================