================================================================================
CONFIGURATION PERFORMANCE COMPARISON
================================================================================

--- FSAMPLER CONFIGURATIONS ---
Each skip mode × adaptive mode combination:

                                                                  ssim  reduction_percent  model_calls  total_time_seconds  time_saved_percent
skip_mode adaptive_mode  anchor_interval max_consecutive_skips                                                                                
adaptive  grad_est       4.0             2.0                    0.8396            34.6154         17.0            135.8502             36.3959
          learn+grad_est 4.0             2.0                    0.8396            34.6154         17.0            135.6778             36.4766
          learning       4.0             2.0                    0.8396            34.6154         17.0            136.8426             35.9313
h2/s2     grad_est       4.0             2.0                    0.9136            23.0769         20.0            156.3947             26.7772
          learn+grad_est 4.0             2.0                    0.9136            23.0769         20.0            154.6240             27.6062
          learning       4.0             2.0                    0.9136            23.0769         20.0            151.3382             29.1446
h2/s3     grad_est       4.0             2.0                    0.8957            19.2308         21.0            170.5959             20.1282
          learn+grad_est 4.0             2.0                    0.8957            19.2308         21.0            163.3016             23.5434
          learning       4.0             2.0                    0.8957            19.2308         21.0            165.6342             22.4513
h2/s4     grad_est       4.0             2.0                    0.9503            11.5385         23.0            183.3042             14.1783
          learn+grad_est 4.0             2.0                    0.9503            11.5385         23.0            188.3802             11.8018
          learning       4.0             2.0                    0.9503            11.5385         23.0            189.2862             11.3776
h2/s5     grad_est       4.0             2.0                    0.9632             7.6923         24.0            190.9561             10.5957
          learn+grad_est 4.0             2.0                    0.9632             7.6923         24.0            193.7185              9.3024
          learning       4.0             2.0                    0.9632             7.6923         24.0            202.3176              5.2764
h3/s3     grad_est       4.0             2.0                    0.9399            11.5385         23.0            195.3758              8.5265
          learn+grad_est 4.0             2.0                    0.9399            11.5385         23.0            180.0327             15.7100
          learning       4.0             2.0                    0.9399            11.5385         23.0            185.2332             13.2752
h3/s4     grad_est       4.0             2.0                    0.9500            11.5385         23.0            186.5859             12.6419
          learn+grad_est 4.0             2.0                    0.9500            11.5385         23.0            188.0624             11.9506
          learning       4.0             2.0                    0.9500            11.5385         23.0            183.6755             14.0045
h3/s5     grad_est       4.0             2.0                    0.9710             7.6923         24.0            194.3353              9.0136
          learn+grad_est 4.0             2.0                    0.9710             7.6923         24.0            197.3092              7.6213
          learning       4.0             2.0                    0.9710             7.6923         24.0            193.0614              9.6101
h4/s4     grad_est       4.0             2.0                    0.9276             7.6923         24.0            199.5385              6.5775
          learn+grad_est 4.0             2.0                    0.9276             7.6923         24.0            196.4558              8.0208
          learning       4.0             2.0                    0.9276             7.6923         24.0            195.9338              8.2652
h4/s5     grad_est       4.0             2.0                    0.9323             7.6923         24.0            203.2261              4.8510
          learn+grad_est 4.0             2.0                    0.9323             7.6923         24.0            193.1892              9.5502
          learning       4.0             2.0                    0.9323             7.6923         24.0            197.5518              7.5077

================================================================================